1	11.60145
2	8.27808
3	7.00193
4	11.73751
5	16.1978
6	11.23787
7	15.00115
8	9.92719
9	12.13655
10	12.33325
11	11.47411
12	8.75495
13	10.1111
14	20.45701
15	7.46958
16	11.82024
17	10.54557
18	12.59275
19	14.40623
20	11.68423
21	15.43083
22	11.65224
23	16.26061
24	15.44816
25	11.98522
26	13.59361
27	10.11963
28	14.51613
29	15.68285
30	10.73402
31	11.16929
32	15.69133
33	12.93395
34	17.43775
35	15.82151
36	13.82422
37	12.32732
38	12.26796
39	13.62892
40	11.4914
41	9.95747
42	15.2836
43	18.09176
44	10.86557
45	13.03475
46	12.03275
47	12.4263
48	11.45532
49	14.98947
50	12.99897
51	12.85685
52	9.64933
53	15.03857
54	14.79382
55	7.52294
56	16.0963
57	13.71268
58	9.85835
59	10.86019
60	11.64842
61	11.49362
62	10.10224
63	17.3032
64	13.51252
65	16.25636
66	7.91995
67	15.14797
68	16.43566
69	15.06422
70	17.11904
71	8.91191
72	14.3314
73	12.88165
74	19.3195
75	16.04717
76	10.59745
77	12.04938
78	12.2128
79	12.5994
80	6.88452
81	11.49778
82	9.12959
83	15.22946
84	8.89022
85	15.43775
86	10.22185
87	15.80224
88	9.97685
89	10.88264
90	13.04212
91	11.58316
92	11.80051
93	8.16826
94	13.22184
95	9.13363
96	12.78895
97	14.06956
98	10.00956
99	16.22896
100	16.15728
101	15.39236
102	11.79212
103	14.62065
104	12.3773
105	10.17936
106	13.03825
107	15.65857
108	16.50683
109	13.59782
110	14.427
111	17.58104
112	10.18172
113	6.6314
114	11.41678
115	8.98415
116	15.88326
117	13.34514
118	12.09348
119	14.71919
120	11.95219
121	15.76451
122	18.16628
123	16.8405
124	8.41368
125	13.99085
126	11.7696
127	15.03049
128	14.95885
129	15.60195
130	9.24059
131	14.11832
132	13.1255
133	7.83743
134	13.04192
135	10.19858
136	13.77628
137	16.73193
138	14.34807
139	10.49583
140	11.97391
141	17.18033
142	9.11368
143	12.8313
144	11.58401
145	13.83466
146	13.73106
147	7.96639
148	10.52651
149	19.13218
150	11.98153
151	13.80368
152	17.38899
153	13.60695
154	18.91811
155	15.9715
156	6.93026
157	17.30584
158	8.1144
159	16.07329
160	17.61445
161	14.43215
162	16.85597
163	11.85543
164	13.41478
165	13.11833
166	9.16125
167	10.73007
168	11.38042
169	11.5021
170	12.78915
171	18.12552
172	13.29783
173	9.12432
174	11.75792
175	6.17993
176	9.59288
177	15.6876
178	14.035
179	15.32622
180	10.14963
181	12.52875
182	10.2709
183	11.21388
184	21.05126
185	20.20171
186	12.14167
187	15.10242
188	11.86141
189	12.46089
190	18.05261
191	16.63696
192	15.54178
193	13.33754
194	13.27548
195	11.15717
196	11.00219
197	7.59445
198	14.46466
199	16.57958
200	13.01728
201	12.68564
202	17.31345
203	13.81452
204	16.30158
205	12.74776
206	9.03948
207	12.26796
208	13.5209
209	10.91976
210	12.08115
211	15.27655
212	10.41996
213	13.9856
214	15.03294
215	13.45258
216	13.27606
217	12.30656
218	13.90858
219	20.11879
220	12.61324
221	16.1082
222	15.27883
223	18.39288
224	13.60889
225	11.6474
226	11.9293
227	12.54787
228	13.90265
229	14.92138
230	11.76469
231	16.67978
232	13.86446
233	10.6416
234	10.90276
235	12.00594
236	7.54887
237	16.28271
238	12.61478
239	13.67176
240	17.57448
241	9.58729
242	12.26746
243	11.66575
244	14.65384
245	15.59631
246	9.89767
247	14.92469
248	16.76639
249	9.75852
250	13.72445
251	17.4634
252	12.85004
253	10.9642
254	11.81205
255	10.96366
256	15.44098
257	11.99085
258	12.61535
259	15.01752
260	18.69201
261	12.32857
262	13.82778
263	12.35351
264	15.50794
265	10.48967
266	13.65177
267	20.32448
268	10.71394
269	13.86466
270	16.97727
271	11.567
272	5.45546
273	16.13289
274	15.23015
275	10.79069
276	9.83861
277	9.94619
278	12.48112
279	13.32843
280	13.0899
281	9.3499
282	9.89318
283	12.70263
284	14.96586
285	7.60137
286	11.70165
287	14.78242
288	13.78452
289	14.13705
290	12.32656
291	13.40521
292	14.34613
293	20.31037
294	11.82107
295	12.85947
296	13.40426
297	15.83155
298	13.17526
299	13.76778
300	11.43228
301	11.67243
302	13.61737
303	9.45859
304	12.5189
305	14.96185
306	11.16022
307	12.74914
308	4.93639
309	13.92258
310	18.65235
311	10.83741
312	9.10659
313	6.52231
314	9.11437
315	14.09877
316	14.32524
317	10.92179
318	15.11594
319	12.44385
320	12.10427
321	16.36754
322	7.5243
323	8.13744
324	12.80727
325	7.05071
326	8.44796
327	12.89753
328	11.53041
329	14.8655
330	16.65763
331	16.82271
332	14.83121
333	9.67517
334	13.45916
335	12.91259
336	16.06725
337	10.18481
338	7.45413
339	10.84381
340	12.6976
341	10.76196
342	14.44846
343	17.35869
344	12.60368
345	9.66214
346	16.06281
347	12.0487
348	14.18852
349	16.32595
350	19.0311
351	8.29792
352	12.20069
353	9.45442
354	9.69877
355	12.72922
356	13.35777
357	14.5153
358	19.25931
359	15.40559
360	7.44217
361	5.09596
362	13.05966
363	15.77476
364	15.89814
365	10.49274
366	12.66261
367	6.02516
368	13.24816
369	12.22685
370	12.27551
371	13.08199
372	17.08054
373	12.9778
374	12.77968
375	16.98908
376	10.87892
377	8.95792
378	12.34166
379	12.51015
380	11.51391
381	11.85828
382	13.37713
383	15.76632
384	14.59113
385	11.97421
386	14.77664
387	8.55321
388	9.31003
389	9.76869
390	18.77029
391	12.7018
392	13.26327
393	13.55989
394	17.71296
395	17.38196
396	10.71064
397	14.68529
398	11.5155
399	11.22832
400	15.95146
401	10.15989
402	9.57166
403	14.30203
404	13.02602
405	15.96141
406	13.08809
407	9.29286
408	14.54712
409	9.74481
410	12.93925
411	14.11145
412	15.081
413	16.89756
414	11.49836
415	9.9798
416	10.50942
417	12.54527
418	12.55381
419	13.44598
420	16.56326
421	15.21754
422	5.58463
423	13.25026
424	19.0169
425	16.41768
426	18.18781
427	10.42176
428	14.03864
429	12.97175
430	16.24993
431	7.17459
432	16.96859
433	12.1075
434	11.78342
435	10.23922
436	15.55469
437	12.11813
438	13.18846
439	14.53074
440	10.72234
441	16.93844
442	11.40289
443	13.9452
444	16.53477
445	13.16407
446	19.47893
447	15.07998
448	10.23941
449	16.33419
450	19.69441
451	15.89825
452	14.23261
453	10.04364
454	10.92029
455	15.17102
456	10.45475
457	17.44871
458	13.76357
459	10.62374
460	14.69258
461	13.76579
462	15.12614
463	10.24757
464	16.08407
465	10.02651
466	11.69761
467	14.63106
468	19.21726
469	17.72283
470	17.44151
471	10.02638
472	15.38384
473	10.17822
474	20.07744
475	14.79165
476	15.53013
477	10.20069
478	12.42572
479	14.28484
480	16.9348
481	10.56624
482	19.64117
483	14.65024
484	9.14357
485	9.16479
486	7.33354
487	12.01599
488	16.8559
489	13.5042
490	11.29486
491	13.26278
492	11.27493
493	12.22624
494	8.7944
495	13.02386
496	6.62589
497	11.55745
498	13.43399
499	9.75057
500	9.79893
501	14.45956
502	17.45601
503	12.72218
504	16.30273
505	9.41712
506	15.30931
507	15.28839
508	9.51862
509	12.16824
510	14.32106
511	10.12404
512	7.98224
513	10.54786
514	10.63838
515	13.29678
516	11.65828
517	12.5997
518	14.86139
519	19.44571
520	13.60509
521	15.20437
522	13.05215
523	9.11627
524	16.17241
525	11.94408
526	20.53934
527	17.37069
528	13.81319
529	12.439
530	14.7681
531	7.74801
532	8.31974
533	14.56446
534	11.62052
535	17.90113
536	16.01337
537	16.395
538	10.76338
539	11.65269
540	13.27526
541	13.96633
542	17.87887
543	10.68304
544	14.65305
545	8.8409
546	16.265
547	12.74676
548	18.20715
549	13.84209
550	15.8958
551	9.53956
552	17.51979
553	14.2863
554	13.07075
555	15.04372
556	14.70625
557	8.50502
558	10.39867
559	16.25056
560	16.69559
561	16.22083
562	15.03263
563	18.00679
564	16.40501
565	13.55543
566	23.19281
567	13.672
568	16.52014
569	14.4773
570	10.69947
571	17.16316
572	15.51567
573	15.51014
574	12.53887
575	13.63171
576	21.71221
577	14.78517
578	20.56464
579	7.51438
580	13.53782
581	12.48785
582	18.76069
583	10.51026
584	10.65039
585	12.50818
586	8.53642
587	13.40197
588	9.27959
589	17.47097
590	15.6387
591	9.19458
592	17.40263
593	11.39534
594	12.03314
595	10.81789
596	12.81503
597	8.65031
598	14.41288
599	15.66146
600	9.38662
601	13.18845
602	16.64689
603	12.91436
604	17.54287
605	9.33574
606	12.80049
607	11.63206
608	11.58192
609	10.41847
610	12.39149
611	10.39409
612	13.36721
613	12.34208
614	18.13173
615	13.84657
616	8.75994
617	14.70471
618	10.5515
619	12.31225
620	10.79936
621	15.41909
622	17.17509
623	9.66189
624	18.36681
625	17.37711
626	12.66461
627	7.76141
628	15.12952
629	13.80423
630	14.88948
631	18.00019
632	15.235
633	12.07428
634	14.83615
635	13.75452
636	16.44109
637	10.34156
638	13.40323
639	11.19279
640	8.16976
641	16.14495
642	12.58427
643	18.19561
644	14.8728
645	15.63865
646	8.70872
647	14.89847
648	12.27774
649	15.67567
650	15.64229
651	8.68595
652	15.34205
653	13.02594
654	9.89146
655	12.83012
656	11.24278
657	14.38327
658	12.90577
659	10.83411
660	14.62339
661	11.37483
662	12.64712
663	20.87615
664	15.96281
665	15.7367
666	14.82238
667	11.39409
668	13.89421
669	10.9826
670	13.46701
671	11.33375
672	14.77757
673	11.71997
674	13.20206
675	10.49831
676	11.27769
677	14.18329
678	9.87589
679	10.87757
680	13.41901
681	14.22102
682	16.38368
683	14.40118
684	9.75629
685	12.38951
686	14.72433
687	13.00557
688	16.70735
689	15.15387
690	16.47472
691	11.91557
692	16.16129
693	15.3423
694	13.10389
695	13.43777
696	16.92808
697	12.55697
698	17.18014
699	12.90698
700	18.01436
701	15.56959
702	12.10928
703	9.43037
704	10.04848
705	12.34227
706	8.53553
707	16.36836
708	15.68146
709	16.03497
710	7.8188
711	13.7371
712	9.372
713	11.16727
714	13.13313
715	16.18691
716	10.47867
717	12.50086
718	13.93292
719	16.17567
720	13.20714
721	13.44638
722	12.29129
723	15.98252
724	15.03201
725	10.15649
726	16.01288
727	15.07552
728	5.7315
729	13.2455
730	13.0251
731	14.56915
732	5.79602
733	18.96755
734	8.149
735	17.24309
736	11.55028
737	14.77888
738	16.06145
739	12.06191
740	11.08081
741	15.762
742	14.907
743	13.84924
744	12.43981
745	16.33897
746	15.40937
747	13.76604
748	7.3634
749	11.32803
750	11.90585
751	13.60083
752	13.54076
753	15.77149
754	16.86294
755	10.48838
756	13.8746
757	13.28158
758	14.90774
759	12.34775
760	11.31887
761	17.17187
762	15.16044
763	11.65788
764	14.88617
765	14.08239
766	3.98291
767	10.01364
768	13.71305
769	11.91981
770	10.23689
771	9.00715
772	13.59181
773	14.56419
774	10.81555
775	18.83437
776	12.67047
777	18.16938
778	8.09932
779	14.96677
780	13.34975
781	10.61167
782	7.39811
783	12.54388
784	14.40034
785	12.03209
786	17.12099
787	10.33971
788	14.37612
789	13.3906
790	11.60711
791	18.54704
792	8.10935
793	10.94476
794	13.1965
795	15.38406
796	6.1466
797	15.21849
798	14.05056
799	13.77536
800	13.92639
801	18.73877
802	14.95839
803	13.30872
804	10.00657
805	11.71873
806	15.54752
807	11.95456
808	10.89592
809	10.64318
810	8.88209
811	11.6303
812	10.66322
813	12.12135
814	12.64032
815	18.89647
816	14.60472
817	9.98651
818	11.39863
819	11.50457
820	13.5671
821	8.61515
822	6.92397
823	14.63735
824	15.7313
825	12.57822
826	15.95743
827	16.4956
828	9.6969
829	8.85794
830	17.45893
831	12.04732
832	9.13809
833	15.15921
834	12.48165
835	12.02396
836	14.57541
837	15.04167
838	18.70691
839	11.23658
840	19.59373
841	9.10825
842	16.71561
843	11.45654
844	15.18796
845	14.1161
846	14.61614
847	11.77579
848	12.62178
849	10.5233
850	11.36236
851	15.27678
852	13.28104
853	18.54325
854	14.42738
855	17.61547
856	12.16443
857	18.83887
858	14.29749
859	15.83115
860	15.41797
861	14.96017
862	12.38574
863	12.38456
864	13.35031
865	15.99652
866	12.71315
867	13.08137
868	14.16164
869	10.22982
870	17.21494
871	12.93211
872	11.39483
873	9.9684
874	11.2927
875	16.41873
876	17.0015
877	10.72881
878	8.97076
879	15.5432
880	12.3598
881	17.27404
882	14.76751
883	14.15315
884	16.07909
885	7.69166
886	9.7908
887	13.40529
888	12.15613
889	17.25827
890	15.05491
891	12.55649
892	11.9795
893	17.3737
894	14.11638
895	14.83841
896	12.31307
897	11.20186
898	14.4005
899	14.30352
900	6.35431
901	15.28322
902	11.05539
903	9.67058
904	9.89766
905	8.2849
906	9.7808
907	13.29883
908	11.63663
909	10.70685
910	9.91863
911	14.46811
912	12.71761
913	13.20838
914	7.13707
915	17.44628
916	13.34443
917	7.7493
918	15.19849
919	15.69388
920	13.60593
921	12.72182
922	13.72901
923	12.89322
924	15.79335
925	11.6989
926	13.96743
927	15.72474
928	11.6629
929	11.15263
930	8.03419
931	11.82277
932	14.30571
933	7.8739
934	13.88059
935	12.0476
936	15.46082
937	11.35837
938	8.23336
939	12.67891
940	13.40949
941	13.58179
942	12.91597
943	11.56983
944	8.95141
945	15.88505
946	12.00476
947	10.83811
948	7.30385
949	15.77246
950	13.95425
951	12.38137
952	8.81496
953	9.05837
954	14.41747
955	11.72872
956	10.94246
957	13.29595
958	12.44038
959	15.41283
960	17.72017
961	16.79345
962	13.20283
963	9.70146
964	8.43366
965	12.31652
966	12.73157
967	19.41262
968	8.54662
969	17.19253
970	10.37251
971	8.56144
972	11.74023
973	16.2399
974	9.94431
975	15.91818
976	12.99798
977	7.21248
978	12.98192
979	12.64839
980	11.28697
981	18.67592
982	17.03605
983	12.84117
984	10.5205
985	11.42911
986	15.52179
987	10.15995
988	7.81417
989	12.67972
990	10.58143
991	10.71096
992	12.08531
993	12.89334
994	10.6699
995	11.39907
996	15.30502
997	14.96952
998	6.61331
999	10.68514
1000	13.88384
1001	10.00914
1002	15.97411
1003	11.67726
1004	11.14774
1005	11.01166
1006	10.90807
1007	10.25446
1008	13.9497
1009	10.51102
1010	12.11489
1011	15.49156
1012	18.68123
1013	13.63021
1014	9.67788
1015	16.60194
1016	7.12003
1017	10.56656
1018	15.87175
1019	18.19414
1020	14.02014
1021	17.85786
1022	15.79969
1023	12.84909
1024	15.87062
1025	13.22898
1026	16.35975
1027	14.39374
1028	11.4883
1029	11.80733
1030	12.99879
1031	15.23585
1032	20.8921
1033	13.98313
1034	9.31002
1035	16.89505
1036	7.39771
1037	8.3488
1038	12.18511
1039	17.92901
1040	15.43439
1041	6.98714
1042	13.51998
1043	9.94878
1044	13.29767
1045	12.83699
1046	14.45323
1047	14.48449
1048	13.46535
1049	13.89771
1050	12.50903
1051	14.08551
1052	11.15661
1053	14.96391
1054	10.84247
1055	17.36498
1056	17.58207
1057	14.18204
1058	9.7713
1059	11.57923
1060	13.64235
1061	15.74395
1062	13.73575
1063	13.2736
1064	15.17765
1065	13.65124
1066	17.48324
1067	10.99353
1068	18.66689
1069	15.5755
1070	14.48073
1071	17.15144
1072	11.08986
1073	12.4718
1074	12.14317
1075	14.27936
1076	16.98631
1077	15.2628
1078	16.74062
1079	7.6385
1080	14.15831
1081	13.85346
1082	12.54068
1083	10.38673
1084	7.75248
1085	9.60072
1086	14.78241
1087	9.14541
1088	15.80503
1089	12.80935
1090	11.62994
1091	7.60054
1092	11.79811
1093	9.72024
1094	9.04851
1095	16.66736
1096	9.2085
1097	8.65389
1098	24.30083
1099	15.42712
1100	15.84015
1101	11.25983
1102	16.07621
1103	12.75883
1104	12.63282
1105	20.2868
1106	12.49743
1107	11.98496
1108	15.19298
1109	12.99144
1110	11.49678
1111	8.39416
1112	14.44796
1113	13.82271
1114	15.96197
1115	13.38027
1116	11.07457
1117	13.97025
1118	18.79339
1119	15.43462
1120	14.91239
1121	9.96835
1122	13.05107
1123	12.86923
1124	15.90853
1125	17.51948
1126	9.57002
1127	14.09845
1128	17.57387
1129	9.68171
1130	15.37497
1131	12.6682
1132	12.39127
1133	10.80366
1134	9.99716
1135	12.7244
1136	20.65853
1137	11.3614
1138	10.58052
1139	11.86177
1140	10.83142
1141	17.87248
1142	14.63991
1143	14.55647
1144	16.70212
1145	7.97636
1146	15.10954
1147	17.43338
1148	12.58437
1149	10.2239
1150	14.27652
1151	11.42072
1152	13.35686
1153	12.97878
1154	15.85044
1155	14.44238
1156	16.30712
1157	10.94349
1158	12.0152
1159	10.79645
1160	14.11038
1161	17.47597
1162	16.05834
1163	14.33716
1164	15.44237
1165	11.35705
1166	13.95518
1167	15.66544
1168	9.8371
1169	13.21628
1170	16.14916
1171	14.49631
1172	10.58758
1173	11.24917
1174	10.43426
1175	12.75994
1176	17.33453
1177	12.13767
1178	10.76866
1179	14.76619
1180	16.37134
1181	9.57711
1182	12.81726
1183	14.87451
1184	9.39559
1185	9.6
1186	15.54856
1187	14.60877
1188	14.63608
1189	12.8813
1190	12.39106
1191	14.04609
1192	14.54035
1193	14.95578
1194	13.00555
1195	18.14944
1196	9.56581
1197	12.63147
1198	10.63819
1199	14.59489
1200	10.02267
1201	11.17787
1202	10.99709
1203	11.81056
1204	11.3269
1205	16.3903
1206	18.40984
1207	12.97
1208	12.22087
1209	15.13731
1210	15.58194
1211	17.61884
1212	15.33896
1213	13.59238
1214	13.60364
1215	10.68189
1216	9.74971
1217	12.49256
1218	12.72155
1219	10.94394
1220	11.14807
1221	20.07574
1222	11.17198
1223	12.95014
1224	15.56049
1225	10.78307
1226	15.41981
1227	13.91794
1228	11.32713
1229	15.30657
1230	13.95271
1231	15.36829
1232	11.65061
1233	16.73201
1234	8.83083
1235	10.90987
1236	14.15628
1237	14.79595
1238	12.54476
1239	10.49397
1240	13.89398
1241	10.0619
1242	12.83844
1243	15.96802
1244	15.94113
1245	9.37503
1246	17.16179
1247	14.72432
1248	13.79608
1249	11.48103
1250	16.0737
1251	13.449
1252	10.34617
1253	18.66576
1254	12.58544
1255	14.75618
1256	6.91019
1257	15.73182
1258	12.32123
1259	14.20834
1260	11.00453
1261	11.38617
1262	17.71204
1263	17.69369
1264	14.38445
1265	10.86265
1266	15.21389
1267	18.38066
1268	12.94464
1269	13.23717
1270	10.5031
1271	13.80746
1272	17.29925
1273	17.06073
1274	5.2116
1275	14.20572
1276	12.70424
1277	10.79563
1278	11.30405
1279	13.44614
1280	14.19211
1281	13.3695
1282	14.90083
1283	13.5574
1284	10.88243
1285	9.26178
1286	10.83676
1287	13.14611
1288	10.99816
1289	9.70187
1290	10.26953
1291	14.67658
1292	10.77905
1293	11.21981
1294	15.91767
1295	17.83682
1296	14.56457
1297	10.50115
1298	11.97
1299	11.4528
1300	16.01126
1301	20.53175
1302	14.20261
1303	11.8364
1304	16.96682
1305	11.10969
1306	11.37446
1307	11.72432
1308	17.23136
1309	15.40345
1310	17.08054
1311	9.13902
1312	6.70276
1313	8.92621
1314	11.68861
1315	11.88512
1316	10.3703
1317	13.4129
1318	21.55955
1319	15.89148
1320	12.94763
1321	12.25139
1322	17.96916
1323	12.89595
1324	14.64614
1325	13.99056
1326	9.74135
1327	16.70686
1328	11.3641
1329	14.55081
1330	14.61662
1331	18.19297
1332	19.17365
1333	14.29341
1334	10.62467
1335	15.24899
1336	13.63575
1337	17.93179
1338	9.61375
1339	9.07001
1340	15.81871
1341	15.43394
1342	13.28673
1343	13.26805
1344	11.51891
1345	10.13346
1346	15.12755
1347	14.23299
1348	13.77778
1349	16.39387
1350	14.55066
1351	13.83782
1352	11.80439
1353	9.28536
1354	11.51385
1355	15.52549
1356	16.6433
1357	10.90662
1358	12.14027
1359	13.78746
1360	12.82881
1361	16.34623
1362	12.83815
1363	14.38108
1364	12.43708
1365	13.2187
1366	16.30585
1367	13.19475
1368	13.92784
1369	9.74823
1370	12.00461
1371	11.00423
1372	15.0711
1373	11.5567
1374	14.98646
1375	14.87768
1376	15.51942
1377	16.79662
1378	5.75819
1379	13.29529
1380	12.56163
1381	7.83493
1382	13.58231
1383	16.90678
1384	13.89353
1385	18.61965
1386	18.36489
1387	12.22936
1388	14.95547
1389	14.64522
1390	20.22283
1391	12.59776
1392	16.44083
1393	16.56136
1394	8.18193
1395	10.84252
1396	14.12046
1397	12.5543
1398	12.85684
1399	15.3519
1400	15.30378
1401	17.17044
1402	11.90976
1403	14.64474
1404	13.82619
1405	14.38853
1406	8.2816
1407	11.15545
1408	14.30667
1409	14.93444
1410	14.52768
1411	10.71296
1412	16.44058
1413	16.85164
1414	15.97173
1415	9.02033
1416	6.06172
1417	17.7156
1418	13.97104
1419	16.48256
1420	18.05061
1421	13.74255
1422	14.17008
1423	14.56878
1424	12.18367
1425	10.36598
1426	20.17743
1427	17.59501
1428	17.02932
1429	11.79385
1430	13.54063
1431	16.92278
1432	18.53318
1433	14.84282
1434	18.45824
1435	15.84663
1436	12.01558
1437	12.77784
1438	11.01414
1439	12.34202
1440	14.79431
1441	13.4121
1442	15.24974
1443	10.30559
1444	13.50673
1445	12.88558
1446	10.91493
1447	12.07352
1448	15.58189
1449	16.37539
1450	15.15397
1451	14.35628
1452	14.81638
1453	21.28051
1454	15.35736
1455	11.31612
1456	14.80896
1457	16.79751
1458	12.919
1459	15.82951
1460	13.89557
1461	14.75431
1462	15.65508
1463	10.35805
1464	9.35251
1465	11.9607
1466	9.01224
1467	17.18304
1468	8.85125
1469	12.8557
1470	17.95168
1471	7.81513
1472	11.57005
1473	15.23304
1474	15.07768
1475	20.10187
1476	12.28539
1477	19.83174
1478	12.28705
1479	11.97108
1480	14.03922
1481	13.93772
1482	14.93834
1483	12.95569
1484	13.61259
1485	12.69705
1486	16.13885
1487	12.50614
1488	13.02527
1489	15.19501
1490	13.22344
1491	8.24582
1492	15.94216
1493	15.13003
1494	17.05685
1495	15.51475
1496	13.59778
1497	8.42552
1498	13.84764
1499	17.20424
1500	11.51371
1501	16.78732
1502	12.08909
1503	15.53191
1504	13.27358
1505	12.48779
1506	10.12179
1507	15.70219
1508	11.04516
1509	6.12925
1510	14.50358
1511	13.68291
1512	14.89555
1513	8.74494
1514	19.29872
1515	10.87434
1516	10.43828
1517	16.08114
1518	14.9513
1519	10.13718
1520	11.62034
1521	11.90689
1522	14.34773
1523	11.1293
1524	16.65826
1525	12.85495
1526	14.75093
1527	9.74043
1528	14.26037
1529	10.30415
1530	11.80136
1531	9.1345
1532	10.35193
1533	12.12285
1534	7.10534
1535	11.02695
1536	13.78957
1537	12.02473
1538	9.17277
1539	14.50406
1540	14.22637
1541	12.0346
1542	15.91128
1543	15.75061
1544	14.55815
1545	12.67877
1546	14.36739
1547	11.13989
1548	8.15741
1549	12.97137
1550	9.1087
1551	14.85278
1552	12.45191
1553	13.01169
1554	12.78484
1555	15.40052
1556	13.62948
1557	10.55329
1558	18.86736
1559	17.21613
1560	12.69562
1561	12.64987
1562	11.39666
1563	12.69004
1564	13.82099
1565	8.44411
1566	10.33091
1567	6.39115
1568	9.91554
1569	16.98887
1570	7.68263
1571	8.86819
1572	16.78388
1573	14.64073
1574	14.18282
1575	14.82112
1576	19.10504
1577	13.30848
1578	9.99488
1579	12.20418
1580	8.8813
1581	17.43364
1582	17.38775
1583	15.40573
1584	15.50596
1585	7.03505
1586	4.19182
1587	11.23104
1588	9.2588
1589	12.44223
1590	13.54923
1591	18.12388
1592	11.6782
1593	14.25572
1594	19.61156
1595	11.73475
1596	16.90946
1597	12.54854
1598	7.6712
1599	12.08477
1600	12.73336
1601	8.95672
1602	12.70397
1603	13.08194
1604	13.28144
1605	11.96961
1606	14.10884
1607	11.00555
1608	14.22047
1609	14.6161
1610	9.48981
1611	16.76368
1612	9.07875
1613	15.50109
1614	19.43707
1615	15.59246
1616	14.08473
1617	10.81198
1618	14.94466
1619	12.98942
1620	19.04935
1621	11.12453
1622	11.59009
1623	15.25594
1624	13.87728
1625	14.66586
1626	10.0406
1627	8.16695
1628	9.97235
1629	13.83278
1630	14.87464
1631	7.88359
1632	10.80179
1633	16.89375
1634	14.08003
1635	16.48157
1636	17.70468
1637	5.47111
1638	9.166
1639	17.5463
1640	11.66097
1641	11.4294
1642	9.88359
1643	12.54209
1644	8.98364
1645	20.17382
1646	14.4175
1647	18.7806
1648	21.34801
1649	12.85533
1650	14.84414
1651	13.27303
1652	11.58994
1653	10.03856
1654	11.47242
1655	12.0316
1656	14.75826
1657	10.17568
1658	12.29241
1659	18.29292
1660	17.33465
1661	17.83191
1662	12.81477
1663	10.32925
1664	8.64797
1665	9.43904
1666	16.4433
1667	14.13284
1668	16.01695
1669	11.2121
1670	11.80947
1671	11.96387
1672	8.82607
1673	13.3069
1674	11.77816
1675	9.20736
1676	13.54726
1677	11.86595
1678	16.50762
1679	18.74023
1680	12.89386
1681	14.32631
1682	15.16886
1683	6.95946
1684	11.17756
1685	12.49746
1686	11.90612
1687	11.70403
1688	12.83971
1689	14.66157
1690	14.95416
1691	8.62
1692	11.33066
1693	13.52763
1694	13.21592
1695	14.59538
1696	14.40323
1697	14.41661
1698	12.06856
1699	12.70358
1700	10.94608
1701	16.83381
1702	10.27407
1703	13.27239
1704	14.32672
1705	13.42897
1706	8.91792
1707	14.34996
1708	13.73196
1709	14.98284
1710	4.7159
1711	13.5963
1712	7.67268
1713	12.30786
1714	11.11019
1715	16.89396
1716	17.45437
1717	12.84583
1718	17.69721
1719	18.55814
1720	13.55901
1721	11.37022
1722	13.30205
1723	18.3856
1724	10.47404
1725	15.32301
1726	6.30941
1727	9.71138
1728	7.01695
1729	10.29626
1730	15.46196
1731	15.70414
1732	14.54049
1733	10.31378
1734	11.54068
1735	13.88523
1736	10.74721
1737	15.71893
1738	9.03429
1739	5.44006
1740	17.30253
1741	9.27645
1742	11.64424
1743	11.38655
1744	16.2997
1745	11.56131
1746	14.29975
1747	12.59119
1748	15.13019
1749	19.98296
1750	14.14805
1751	7.48695
1752	11.00953
1753	14.04234
1754	10.6066
1755	15.78296
1756	10.55449
1757	13.67961
1758	11.60507
1759	11.63715
1760	9.66591
1761	15.6124
1762	13.4929
1763	12.76732
1764	17.97414
1765	11.95881
1766	15.81866
1767	9.1023
1768	12.55406
1769	17.15038
1770	10.28552
1771	12.81014
1772	8.00622
1773	14.07403
1774	12.78265
1775	10.66176
1776	9.83033
1777	7.03681
1778	16.90764
1779	13.07413
1780	15.06835
1781	8.032
1782	9.86565
1783	10.4577
1784	16.66347
1785	12.98893
1786	12.82054
1787	10.99286
1788	8.58515
1789	7.078
1790	14.76232
1791	15.97189
1792	15.11783
1793	11.02554
1794	10.89835
1795	15.9692
1796	17.93325
1797	11.36599
1798	10.45058
1799	15.18294
1800	15.96219
1801	11.98826
1802	15.20032
1803	9.86771
1804	14.93132
1805	13.62232
1806	14.94422
1807	17.70383
1808	11.09866
1809	14.434
1810	11.69748
1811	15.49483
1812	12.16342
1813	14.19003
1814	12.75379
1815	16.70475
1816	11.49791
1817	10.39025
1818	15.92224
1819	13.07872
1820	18.33023
1821	16.34003
1822	8.42497
1823	11.00876
1824	12.79055
1825	14.2944
1826	5.46365
1827	17.0909
1828	12.94842
1829	14.69589
1830	15.98599
1831	11.82482
1832	11.97857
1833	12.5083
1834	11.9164
1835	14.98968
1836	11.57041
1837	11.57929
1838	14.28264
1839	10.95626
1840	8.57306
1841	14.72941
1842	14.63332
1843	16.08547
1844	13.61609
1845	17.18159
1846	12.78562
1847	14.07779
1848	9.92537
1849	18.45696
1850	9.17578
1851	8.8669
1852	17.07415
1853	10.14369
1854	8.72597
1855	10.95858
1856	13.63589
1857	7.51799
1858	15.12599
1859	14.65396
1860	14.77189
1861	14.32291
1862	9.17712
1863	8.39963
1864	13.11725
1865	8.56804
1866	10.79917
1867	12.8891
1868	13.54053
1869	11.14393
1870	18.97897
1871	9.69967
1872	12.68896
1873	14.07153
1874	12.92943
1875	16.54347
1876	7.22795
1877	13.13116
1878	18.12958
1879	9.49176
1880	11.35131
1881	9.29689
1882	4.46487
1883	9.70226
1884	16.22308
1885	16.93205
1886	7.87107
1887	14.21249
1888	10.43855
1889	9.12237
1890	11.11317
1891	16.03688
1892	11.70547
1893	14.20316
1894	12.42748
1895	13.92115
1896	11.82637
1897	12.394
1898	14.19384
1899	10.75614
1900	9.31062
1901	13.50174
1902	18.55453
1903	13.40268
1904	11.44724
1905	6.1832
1906	13.00247
1907	14.03243
1908	15.21292
1909	14.29634
1910	9.12198
1911	13.47804
1912	12.90085
1913	16.7376
1914	11.0158
1915	15.47553
1916	12.00852
1917	12.90803
1918	11.29724
1919	11.09559
1920	13.85846
1921	13.02303
1922	9.36765
1923	15.46331
1924	15.90116
1925	12.12782
1926	16.95363
1927	13.80622
1928	10.98131
1929	14.46027
1930	7.6297
1931	12.48878
1932	12.97199
1933	8.75294
1934	12.27883
1935	13.83529
1936	11.93631
1937	10.7433
1938	9.53818
1939	8.9165
1940	12.10837
1941	13.13702
1942	14.64924
1943	17.25525
1944	12.25651
1945	15.86595
1946	12.42031
1947	19.54775
1948	11.30559
1949	16.42525
1950	15.5498
1951	15.7591
1952	20.16508
1953	7.43503
1954	14.75007
1955	12.39942
1956	13.97935
1957	12.91201
1958	15.49955
1959	12.23025
1960	9.76851
1961	9.92259
1962	12.03971
1963	11.19564
1964	14.5676
1965	14.48753
1966	8.30514
1967	15.15496
1968	15.61487
1969	12.94391
1970	12.34764
1971	17.12204
1972	17.88188
1973	12.87917
1974	12.2905
1975	11.01876
1976	14.71256
1977	11.35587
1978	11.92019
1979	17.64436
1980	9.25638
1981	16.91183
1982	13.81412
1983	12.54859
1984	10.09169
1985	13.35605
1986	12.18436
1987	16.16737
1988	11.18067
1989	13.7899
1990	14.90628
1991	10.22258
1992	10.74293
1993	19.22718
1994	13.98928
1995	14.46027
1996	16.28872
1997	9.29167
1998	12.8971
1999	7.67755
2000	13.48387
2001	9.96666
2002	18.80397
2003	12.93275
2004	8.69437
2005	11.69704
2006	9.30171
2007	12.72136
2008	16.40592
2009	13.50639
2010	10.0596
2011	9.51675
2012	6.20513
2013	12.96021
2014	15.98508
2015	9.56116
2016	13.42311
2017	12.8028
2018	12.71028
2019	11.69437
2020	13.35988
2021	11.72882
2022	10.28808
2023	11.81727
2024	15.56819
2025	10.43771
2026	11.92764
2027	12.88819
2028	13.49246
2029	7.73121
2030	12.11559
2031	11.3097
2032	14.47465
2033	19.04367
2034	10.99395
2035	15.22829
2036	11.53758
2037	12.9302
2038	11.84064
2039	15.48159
2040	17.02119
2041	13.5125
2042	9.28159
2043	14.39627
2044	14.30917
2045	11.62577
2046	9.05513
2047	10.15659
2048	12.89726
2049	14.52802
2050	9.39583
2051	12.84744
2052	13.70208
2053	13.53954
2054	12.14215
2055	13.37432
2056	10.36243
2057	12.90078
2058	15.09329
2059	12.56475
2060	10.27959
2061	17.94844
2062	16.21513
2063	11.13806
2064	11.96821
2065	9.84239
2066	10.74207
2067	14.73286
2068	10.83474
2069	10.24568
2070	12.58284
2071	14.67433
2072	15.49131
2073	7.51543
2074	10.49376
2075	9.8051
2076	15.66317
2077	7.91777
2078	13.37339
2079	15.7842
2080	8.06831
2081	8.90618
2082	15.97242
2083	17.72971
2084	18.50856
2085	8.02889
2086	9.58636
2087	15.35928
2088	15.5703
2089	14.85468
2090	18.43817
2091	13.12736
2092	13.83124
2093	15.23472
2094	7.09633
2095	15.01222
2096	13.40677
2097	12.90021
2098	10.34661
2099	16.77395
2100	10.43173
2101	14.56941
2102	14.83692
2103	7.06279
2104	13.12996
2105	9.16654
2106	13.61856
2107	10.34206
2108	14.56619
2109	13.26432
2110	9.27335
2111	19.7907
2112	16.70338
2113	9.38669
2114	11.45182
2115	11.8005
2116	14.16772
2117	3.61652
2118	14.52344
2119	14.42773
2120	12.63012
2121	7.60708
2122	15.0074
2123	11.65816
2124	8.96821
2125	12.17623
2126	16.77067
2127	11.02058
2128	17.79625
2129	12.76854
2130	15.22297
2131	12.46321
2132	15.50979
2133	14.01339
2134	14.01302
2135	14.29973
2136	11.69785
2137	13.91454
2138	15.23819
2139	14.082
2140	10.93389
2141	14.45271
2142	15.05448
2143	9.88344
2144	7.13592
2145	16.46367
2146	8.9711
2147	11.21668
2148	15.10903
2149	11.39864
2150	14.56121
2151	11.96353
2152	10.34335
2153	11.93018
2154	17.64444
2155	9.8423
2156	16.1048
2157	15.26412
2158	14.33369
2159	10.08397
2160	15.39313
2161	18.2444
2162	6.3373
2163	13.11039
2164	14.46319
2165	14.41057
2166	13.79412
2167	12.68491
2168	12.04903
2169	13.55527
2170	8.8619
2171	11.36358
2172	14.98708
2173	10.79438
2174	16.56864
2175	16.60122
2176	9.8215
2177	10.72004
2178	18.02131
2179	8.48556
2180	13.10168
2181	12.26262
2182	7.42899
2183	14.56868
2184	14.65061
2185	12.04748
2186	11.54391
2187	11.15114
2188	9.49846
2189	12.53477
2190	15.43513
2191	16.31347
2192	14.97243
2193	15.98267
2194	15.53098
2195	9.4059
2196	16.00314
2197	14.72535
2198	11.32052
2199	12.99399
2200	13.23047
2201	7.60011
2202	10.22587
2203	10.2081
2204	14.47782
2205	12.28008
2206	15.25741
2207	14.81292
2208	14.28877
2209	13.57479
2210	18.67963
2211	10.40845
2212	14.2089
2213	16.53998
2214	12.28016
2215	9.51195
2216	18.38755
2217	13.96778
2218	11.15847
2219	15.01079
2220	14.38695
2221	8.3303
2222	14.26196
2223	16.00324
2224	12.26383
2225	13.32136
2226	16.58767
2227	15.62533
2228	12.67651
2229	12.14385
2230	16.69561
2231	12.71899
2232	6.97009
2233	9.90883
2234	16.6557
2235	12.15769
2236	21.04012
2237	13.14612
2238	8.82501
2239	10.75871
2240	10.91419
2241	12.46163
2242	13.61852
2243	12.61265
2244	6.72265
2245	11.56385
2246	13.8132
2247	15.89178
2248	13.13057
2249	8.69116
2250	19.78656
2251	16.19148
2252	12.06808
2253	12.76056
2254	9.62329
2255	12.50545
2256	10.10701
2257	17.53094
2258	16.475
2259	11.64914
2260	13.86774
2261	15.53834
2262	15.88327
2263	9.1456
2264	8.59346
2265	11.55799
2266	15.229
2267	15.83989
2268	11.79251
2269	8.87749
2270	18.71643
2271	9.21665
2272	9.37077
2273	9.8504
2274	9.96905
2275	8.67703
2276	6.93068
2277	12.64415
2278	11.07581
2279	13.92445
2280	11.58405
2281	13.80915
2282	13.39083
2283	17.7144
2284	12.31227
2285	8.6256
2286	15.62186
2287	8.85505
2288	6.36258
2289	12.03981
2290	11.73308
2291	15.42244
2292	4.54857
2293	14.00976
2294	9.61091
2295	11.48742
2296	15.30658
2297	15.08655
2298	11.85077
2299	12.11463
2300	19.32539
2301	8.35112
2302	15.13461
2303	15.4085
2304	10.97472
2305	7.49088
2306	15.61796
2307	14.44267
2308	12.40391
2309	15.06928
2310	12.42102
2311	19.42321
2312	16.72906
2313	16.2939
2314	12.78157
2315	16.57821
2316	14.88704
2317	9.02694
2318	6.09417
2319	13.94491
2320	11.3671
2321	12.7517
2322	13.42599
2323	8.36135
2324	8.68308
2325	9.4675
2326	11.73171
2327	12.74491
2328	9.9441
2329	11.52951
2330	9.45631
2331	13.01067
2332	16.42072
2333	13.51547
2334	15.31598
2335	14.96414
2336	16.86762
2337	12.86638
2338	16.1036
2339	17.14592
2340	9.71698
2341	12.08961
2342	11.3222
2343	10.29576
2344	16.77174
2345	12.84206
2346	15.07847
2347	10.07499
2348	16.21587
2349	14.74485
2350	11.77877
2351	10.8898
2352	7.73446
2353	5.58898
2354	16.98468
2355	13.85328
2356	9.08794
2357	13.55873
2358	11.24174
2359	18.41828
2360	14.01567
2361	11.47826
2362	17.76698
2363	15.23834
2364	8.46739
2365	14.1302
2366	13.36441
2367	12.38043
2368	12.81356
2369	14.23761
2370	15.14556
2371	23.86835
2372	9.83125
2373	15.05385
2374	14.76434
2375	9.68225
2376	14.48398
2377	10.8588
2378	12.76834
2379	8.02668
2380	10.65005
2381	17.89667
2382	15.91809
2383	13.29003
2384	13.37556
2385	7.19528
2386	13.98943
2387	17.10779
2388	7.95217
2389	11.1847
2390	16.14895
2391	9.02554
2392	14.35066
2393	13.27059
2394	16.19634
2395	16.22698
2396	13.22896
2397	13.51984
2398	9.96705
2399	11.77762
2400	13.43325
2401	8.319
2402	10.51531
2403	11.45365
2404	16.52961
2405	11.83306
2406	17.80969
2407	9.93338
2408	12.06171
2409	11.48027
2410	12.16263
2411	14.87628
2412	12.83145
2413	17.0131
2414	10.6955
2415	15.73411
2416	10.02765
2417	12.12153
2418	14.59449
2419	8.91162
2420	11.72751
2421	10.0291
2422	14.83786
2423	12.84859
2424	15.89535
2425	9.27823
2426	15.1665
2427	10.60019
2428	13.00567
2429	9.35281
2430	14.79016
2431	18.01707
2432	8.86561
2433	15.10114
2434	12.89827
2435	10.26371
2436	15.37314
2437	10.44515
2438	10.25975
2439	9.50036
2440	16.09819
2441	12.85812
2442	11.24581
2443	12.95502
2444	12.90769
2445	16.17559
2446	18.43958
2447	13.39555
2448	7.47586
2449	12.66532
2450	12.30235
2451	18.04935
2452	10.52075
2453	11.62693
2454	13.06269
2455	9.44405
2456	11.241
2457	12.9485
2458	11.79821
2459	10.99871
2460	10.87009
2461	10.8945
2462	15.24436
2463	14.52436
2464	13.90517
2465	18.26574
2466	13.28379
2467	14.27188
2468	10.02518
2469	17.6726
2470	12.3402
2471	10.07836
2472	15.83785
2473	14.591
2474	10.42088
2475	13.22244
2476	13.18327
2477	18.8676
2478	10.04145
2479	12.75843
2480	11.19484
2481	13.43525
2482	12.29291
2483	11.61867
2484	13.06723
2485	10.991
2486	10.43955
2487	15.01525
2488	14.02033
2489	14.03135
2490	15.6903
2491	11.93631
2492	11.81794
2493	17.15109
2494	10.92563
2495	9.08766
2496	11.02341
2497	18.54127
2498	6.46564
2499	15.49449
2500	12.11261
2501	13.81525
2502	9.97772
2503	14.3698
2504	8.87768
2505	10.49828
2506	10.46604
2507	9.42125
2508	11.57881
2509	14.71298
2510	8.09902
2511	16.87101
2512	12.2616
2513	21.02034
2514	15.00071
2515	12.7906
2516	11.04076
2517	12.66076
2518	16.94047
2519	15.54748
2520	7.25897
2521	15.28153
2522	14.08066
2523	16.33344
2524	15.20571
2525	9.42494
2526	7.32144
2527	12.68284
2528	12.53604
2529	12.04301
2530	11.65309
2531	17.98887
2532	10.56092
2533	10.99139
2534	13.35318
2535	13.23864
2536	12.50822
2537	12.36611
2538	12.84526
2539	17.68918
2540	14.0756
2541	11.44138
2542	14.27805
2543	15.97777
2544	14.66016
2545	15.38332
2546	9.79275
2547	13.17883
2548	13.97271
2549	12.6831
2550	6.21513
2551	16.12192
2552	13.93127
2553	16.00571
2554	14.76647
2555	15.47683
2556	11.47899
2557	15.704
2558	14.49275
2559	13.46034
2560	13.77552
2561	11.06806
2562	8.7605
2563	7.06343
2564	-1.738
2565	18.29132
2566	12.97956
2567	14.16245
2568	11.1951
2569	12.10207
2570	17.93438
2571	12.90432
2572	9.55963
2573	13.13187
2574	11.44401
2575	8.90317
2576	16.43424
2577	15.37734
2578	19.06265
2579	8.52442
2580	17.14337
2581	17.25002
2582	16.58906
2583	13.3326
2584	10.61187
2585	11.77387
2586	16.0047
2587	16.4501
2588	11.88258
2589	19.75448
2590	7.60987
2591	15.41368
2592	14.47022
2593	10.66917
2594	12.99308
2595	12.02693
2596	14.51341
2597	11.36258
2598	12.83897
2599	10.40392
2600	12.84807
2601	13.9628
2602	15.92004
2603	11.38261
2604	8.84415
2605	11.67117
2606	13.0835
2607	15.28998
2608	11.56776
2609	14.98213
2610	13.46785
2611	12.80006
2612	10.48793
2613	12.88718
2614	17.84082
2615	11.79157
2616	12.12658
2617	14.83659
2618	14.02933
2619	9.76516
2620	13.45198
2621	18.19427
2622	13.95127
2623	11.39006
2624	10.41239
2625	15.6302
2626	7.90977
2627	12.18387
2628	9.64763
2629	18.16053
2630	15.83223
2631	14.63985
2632	15.00114
2633	6.74519
2634	13.15483
2635	16.00463
2636	9.17174
2637	10.62193
2638	13.3186
2639	12.84052
2640	9.21425
2641	12.35971
2642	8.60587
2643	15.9716
2644	9.11794
2645	8.45508
2646	13.86591
2647	10.30459
2648	15.90901
2649	13.39309
2650	17.49958
2651	12.13507
2652	14.93426
2653	13.4986
2654	18.48074
2655	8.76745
2656	19.00182
2657	7.71023
2658	12.99798
2659	14.37824
2660	11.16746
2661	14.53722
2662	10.18677
2663	13.45725
2664	12.54958
2665	11.48807
2666	16.47948
2667	13.12575
2668	12.07558
2669	11.47413
2670	12.67506
2671	9.88534
2672	13.59006
2673	6.72741
2674	10.38065
2675	15.94214
2676	15.37064
2677	12.44354
2678	12.66693
2679	11.73331
2680	12.1469
2681	13.9035
2682	10.53003
2683	20.63611
2684	13.51351
2685	7.73072
2686	8.11516
2687	12.87623
2688	17.74655
2689	17.74883
2690	15.40922
2691	10.92703
2692	20.0789
2693	15.33164
2694	13.29833
2695	10.6236
2696	13.99041
2697	10.4299
2698	13.33427
2699	8.06409
2700	10.61057
2701	10.47196
2702	18.32597
2703	15.96041
2704	14.31862
2705	13.41146
2706	10.63118
2707	4.54977
2708	14.38686
2709	17.08335
2710	10.10316
2711	15.55555
2712	9.45491
2713	11.46696
2714	17.37956
2715	8.95984
2716	16.74431
2717	12.01169
2718	11.70162
2719	17.80347
2720	14.97532
2721	15.57351
2722	15.06455
2723	11.05079
2724	15.03011
2725	12.44227
2726	17.69296
2727	15.56124
2728	8.91664
2729	11.61027
2730	15.18754
2731	10.78438
2732	8.62463
2733	20.03554
2734	11.3776
2735	9.4939
2736	9.54561
2737	12.03895
2738	17.80271
2739	12.18862
2740	12.27632
2741	20.4068
2742	15.02118
2743	6.43889
2744	19.21748
2745	12.24059
2746	7.0424
2747	18.04996
2748	14.02876
2749	17.53354
2750	12.60146
2751	19.23336
2752	17.65165
2753	15.29185
2754	10.02353
2755	13.64304
2756	9.95721
2757	14.01928
2758	14.32706
2759	17.69392
2760	9.84799
2761	16.24695
2762	10.28473
2763	9.71447
2764	11.83499
2765	13.54766
2766	13.85425
2767	10.28157
2768	10.58409
2769	14.13481
2770	14.55524
2771	10.9541
2772	20.85455
2773	6.889
2774	10.12441
2775	15.55641
2776	11.62142
2777	16.22586
2778	16.18592
2779	11.77984
2780	14.315
2781	8.22921
2782	16.31724
2783	14.48577
2784	11.8974
2785	18.62481
2786	13.18244
2787	7.8912
2788	18.29493
2789	12.81213
2790	11.39428
2791	11.67584
2792	8.63299
2793	11.77186
2794	8.94187
2795	15.29426
2796	12.45707
2797	12.96878
2798	6.47399
2799	11.98312
2800	17.09658
2801	13.96112
2802	17.32139
2803	11.81692
2804	13.04032
2805	7.39255
2806	13.85666
2807	10.73094
2808	15.5379
2809	10.63637
2810	10.96256
2811	10.73281
2812	11.26011
2813	15.35151
2814	13.09695
2815	16.63466
2816	6.43839
2817	12.85864
2818	16.8492
2819	17.0252
2820	16.01542
2821	13.38827
2822	12.40122
2823	16.10034
2824	13.51438
2825	9.73238
2826	13.63284
2827	13.99776
2828	14.94724
2829	14.36396
2830	17.28766
2831	13.35658
2832	16.31905
2833	18.2862
2834	11.68081
2835	5.23959
2836	21.1112
2837	10.9109
2838	7.75333
2839	8.50317
2840	13.1221
2841	11.13554
2842	15.76297
2843	16.59833
2844	15.55335
2845	9.45576
2846	17.39698
2847	13.31922
2848	12.19458
2849	5.11997
2850	15.74501
2851	15.97947
2852	13.53128
2853	11.6628
2854	10.50807
2855	17.20039
2856	12.731
2857	14.20894
2858	13.38542
2859	9.51737
2860	11.44068
2861	14.10455
2862	11.55679
2863	13.0815
2864	15.58371
2865	10.22385
2866	7.99529
2867	13.70741
2868	9.7406
2869	17.18024
2870	10.78101
2871	13.34998
2872	12.83299
2873	19.64347
2874	15.00483
2875	9.08417
2876	10.0729
2877	13.40911
2878	8.48303
2879	13.99251
2880	12.82449
2881	12.43334
2882	10.56501
2883	11.8698
2884	15.13782
2885	10.40011
2886	9.61539
2887	10.95395
2888	14.0316
2889	9.27072
2890	12.53971
2891	13.4127
2892	8.85211
2893	14.32635
2894	12.98038
2895	17.42415
2896	18.00286
2897	13.35931
2898	14.55226
2899	10.47661
2900	6.65718
2901	16.0959
2902	11.21205
2903	16.44834
2904	13.44023
2905	12.77258
2906	9.78408
2907	14.54797
2908	15.01529
2909	14.12909
2910	18.55983
2911	17.25611
2912	14.54757
2913	9.35165
2914	8.30137
2915	8.59707
2916	11.61947
2917	9.66225
2918	9.56956
2919	13.50672
2920	17.21831
2921	11.51543
2922	7.51671
2923	13.25041
2924	13.1678
2925	14.33626
2926	11.29027
2927	10.38042
2928	12.93737
2929	12.99692
2930	16.45046
2931	15.7999
2932	5.82512
2933	12.97261
2934	15.33438
2935	15.88354
2936	17.788
2937	14.00944
2938	10.52009
2939	12.53181
2940	9.7646
2941	8.8426
2942	10.7476
2943	17.20904
2944	11.36197
2945	15.14969
2946	11.80065
2947	8.49942
2948	13.23846
2949	11.57053
2950	10.54257
2951	13.14797
2952	15.05804
2953	9.78341
2954	8.38563
2955	11.34067
2956	14.54635
2957	13.59229
2958	11.48302
2959	12.57231
2960	14.28496
2961	9.94094
2962	9.77158
2963	11.50482
2964	12.81136
2965	9.44834
2966	11.88684
2967	13.761
2968	13.81711
2969	14.7766
2970	9.93285
2971	14.2368
2972	14.67724
2973	14.64526
2974	19.12162
2975	15.40436
2976	11.37898
2977	7.76193
2978	13.0765
2979	18.36855
2980	17.21612
2981	12.11035
2982	13.83217
2983	10.14724
2984	12.60645
2985	12.47575
2986	13.96698
2987	11.53628
2988	16.91018
2989	17.18338
2990	19.1875
2991	9.95439
2992	17.43401
2993	12.79877
2994	10.57037
2995	7.28179
2996	14.38835
2997	8.50949
2998	8.38048
2999	14.29975
3000	11.85333
3001	12.18495
3002	15.83157
3003	13.49442
3004	16.02513
3005	13.16812
3006	16.75081
3007	15.07224
3008	12.60323
3009	14.1354
3010	17.84592
3011	16.74958
3012	18.0444
3013	13.01095
3014	17.86987
3015	10.14908
3016	10.87743
3017	14.02299
3018	10.6962
3019	14.41093
3020	11.44325
3021	9.94851
3022	12.06669
3023	10.5217
3024	16.45911
3025	10.9858
3026	10.37679
3027	13.21448
3028	12.8136
3029	9.58356
3030	13.86985
3031	14.93162
3032	15.03573
3033	13.6726
3034	10.79548
3035	17.60212
3036	11.58302
3037	13.86981
3038	16.81605
3039	12.70786
3040	15.15206
3041	12.34477
3042	8.58149
3043	18.52062
3044	10.71919
3045	13.33619
3046	12.18237
3047	13.88655
3048	13.92074
3049	8.95602
3050	15.25559
3051	9.68857
3052	19.16563
3053	8.52581
3054	11.13151
3055	16.28047
3056	17.01253
3057	10.51942
3058	17.29776
3059	15.79577
3060	11.20694
3061	17.56777
3062	14.32362
3063	10.7548
3064	11.90033
3065	9.91588
3066	13.60092
3067	11.36641
3068	9.91379
3069	17.14961
3070	13.4897
3071	9.60644
3072	10.85825
3073	15.06014
3074	13.6887
3075	13.61553
3076	15.13724
3077	15.03451
3078	12.80296
3079	13.82726
3080	15.084
3081	11.62107
3082	9.14955
3083	9.99209
3084	14.65882
3085	14.13631
3086	13.67298
3087	15.79917
3088	13.38547
3089	15.81867
3090	10.79697
3091	15.34089
3092	15.95594
3093	12.42025
3094	13.02709
3095	12.40737
3096	17.85624
3097	14.73089
3098	8.61079
3099	13.36358
3100	14.66645
3101	20.52541
3102	19.0267
3103	11.67768
3104	14.16673
3105	18.19536
3106	12.56452
3107	18.79318
3108	13.57855
3109	15.07995
3110	17.54119
3111	10.94356
3112	13.18446
3113	16.4166
3114	10.67202
3115	12.50461
3116	11.95934
3117	13.74314
3118	16.04306
3119	12.54641
3120	17.71795
3121	11.36376
3122	18.48419
3123	14.22063
3124	12.54314
3125	13.61803
3126	13.45553
3127	15.1969
3128	9.84148
3129	12.72987
3130	9.24006
3131	8.00512
3132	15.69389
3133	8.98805
3134	10.06879
3135	9.11002
3136	14.95109
3137	14.30085
3138	19.92155
3139	19.31705
3140	13.62949
3141	10.39039
3142	19.56391
3143	16.0218
3144	13.21657
3145	18.28318
3146	11.32656
3147	13.80062
3148	10.82798
3149	10.7728
3150	13.29685
3151	10.9059
3152	11.28599
3153	9.7624
3154	9.27166
3155	15.95841
3156	12.61518
3157	16.16971
3158	14.68749
3159	11.05332
3160	13.46115
3161	12.95998
3162	15.67756
3163	11.23967
3164	14.02505
3165	14.00462
3166	11.37798
3167	8.76806
3168	20.12535
3169	14.00148
3170	9.57097
3171	12.54108
3172	13.02487
3173	11.34026
3174	14.90106
3175	10.9732
3176	11.55075
3177	21.20182
3178	15.7817
3179	11.58115
3180	13.41979
3181	11.89001
3182	12.43311
3183	16.36628
3184	11.71637
3185	13.21921
3186	10.47255
3187	12.34577
3188	13.03275
3189	12.07458
3190	8.69295
3191	13.01396
3192	7.44666
3193	10.14246
3194	8.78709
3195	18.39238
3196	13.65298
3197	9.81254
3198	8.93533
3199	10.17033
3200	13.93499
3201	14.44741
3202	14.12576
3203	14.77722
3204	11.95576
3205	19.96131
3206	15.00034
3207	9.86858
3208	14.14604
3209	17.77487
3210	11.18957
3211	13.40026
3212	10.216
3213	18.8786
3214	12.48975
3215	14.71087
3216	15.81276
3217	16.25738
3218	11.39586
3219	12.0462
3220	11.73805
3221	18.28516
3222	14.38458
3223	10.6933
3224	12.10478
3225	14.17754
3226	10.96168
3227	11.80803
3228	15.26245
3229	11.60176
3230	14.47308
3231	6.9269
3232	16.02472
3233	7.51804
3234	5.94717
3235	9.37562
3236	10.34104
3237	12.77605
3238	17.18502
3239	16.15885
3240	8.38196
3241	10.94337
3242	10.83395
3243	17.11974
3244	13.73066
3245	20.53086
3246	12.82044
3247	13.14998
3248	13.13412
3249	10.871
3250	4.00405
3251	19.53012
3252	9.05718
3253	11.50216
3254	11.56589
3255	12.90579
3256	16.66862
3257	17.33859
3258	17.04529
3259	6.81392
3260	17.32727
3261	14.08581
3262	15.22267
3263	11.90231
3264	10.78926
3265	13.80253
3266	14.3639
3267	13.67451
3268	8.27251
3269	9.5297
3270	13.39894
3271	11.99802
3272	14.37075
3273	15.08044
3274	19.41868
3275	10.1824
3276	13.09308
3277	9.62522
3278	16.95176
3279	12.31894
3280	11.91452
3281	14.69135
3282	8.37823
3283	9.63876
3284	13.89466
3285	14.8309
3286	8.88824
3287	14.16498
3288	14.18111
3289	14.0071
3290	7.65353
3291	8.8425
3292	19.71518
3293	14.65443
3294	11.56896
3295	14.19022
3296	14.52997
3297	9.39254
3298	16.27281
3299	14.36908
3300	11.12916
3301	16.86826
3302	9.30049
3303	7.86905
3304	9.54123
3305	15.09833
3306	9.96779
3307	13.38744
3308	14.51226
3309	8.1676
3310	20.35144
3311	11.95407
3312	12.69664
3313	8.17373
3314	17.03607
3315	13.16416
3316	13.83139
3317	8.98264
3318	15.60349
3319	9.69098
3320	16.14829
3321	13.08076
3322	14.06692
3323	12.19866
3324	15.53464
3325	15.0882
3326	14.90173
3327	9.91347
3328	12.40533
3329	7.59763
3330	15.91911
3331	11.93125
3332	14.5564
3333	14.65353
3334	16.29441
3335	11.99845
3336	9.68232
3337	13.44818
3338	12.7063
3339	12.38829
3340	3.24741
3341	15.44684
3342	7.31039
3343	11.08353
3344	14.08376
3345	7.87464
3346	11.54348
3347	9.63125
3348	15.07488
3349	14.44128
3350	12.42044
3351	17.07726
3352	10.74059
3353	16.2126
3354	18.62253
3355	14.73979
3356	17.97098
3357	13.14339
3358	10.40427
3359	13.34191
3360	12.96165
3361	16.80293
3362	13.28725
3363	14.82768
3364	15.7016
3365	19.73494
3366	10.7956
3367	7.33016
3368	9.68688
3369	15.83502
3370	7.61501
3371	12.38951
3372	11.60293
3373	8.93549
3374	15.47123
3375	14.64656
3376	9.85204
3377	11.13386
3378	17.50975
3379	13.38752
3380	14.70108
3381	10.86697
3382	16.91968
3383	15.44807
3384	13.10326
3385	14.91872
3386	20.32917
3387	13.62011
3388	11.86385
3389	12.0377
3390	14.38356
3391	7.28952
3392	10.36505
3393	12.1206
3394	13.71784
3395	18.65095
3396	15.6235
3397	15.34686
3398	12.53648
3399	18.45438
3400	13.90402
3401	16.7061
3402	13.00495
3403	15.63525
3404	19.24753
3405	8.42006
3406	18.40793
3407	12.25962
3408	12.99814
3409	12.25458
3410	13.73451
3411	18.34775
3412	13.96263
3413	15.22083
3414	13.82869
3415	8.64271
3416	12.62351
3417	18.51005
3418	11.22839
3419	11.59599
3420	14.13577
3421	10.68039
3422	14.41224
3423	5.73243
3424	20.42086
3425	6.83619
3426	15.37162
3427	11.75137
3428	9.5905
3429	9.37264
3430	12.10482
3431	12.22073
3432	17.62161
3433	14.4787
3434	14.49525
3435	12.817
3436	11.52758
3437	14.03035
3438	13.20063
3439	13.58735
3440	10.09539
3441	9.14411
3442	11.50039
3443	17.76301
3444	16.45701
3445	15.72721
3446	11.94473
3447	14.81262
3448	13.52355
3449	16.30374
3450	17.21764
3451	16.44668
3452	15.10495
3453	14.25549
3454	6.46574
3455	11.60334
3456	13.69566
3457	18.01324
3458	17.22598
3459	9.9792
3460	8.61812
3461	17.70756
3462	10.40071
3463	15.91899
3464	14.98158
3465	11.82523
3466	11.28871
3467	12.46185
3468	9.98767
3469	8.65154
3470	12.5236
3471	12.44718
3472	15.59011
3473	12.05821
3474	12.16607
3475	11.00054
3476	19.00951
3477	13.98948
3478	9.24989
3479	13.30491
3480	13.57896
3481	13.82714
3482	14.20874
3483	7.04629
3484	13.45615
3485	13.35441
3486	12.38314
3487	12.81659
3488	14.48686
3489	16.26924
3490	13.89285
3491	13.4031
3492	14.21181
3493	14.18907
3494	9.03815
3495	14.48233
3496	8.23638
3497	14.70062
3498	7.22347
3499	13.6418
3500	12.81355
3501	9.97936
3502	15.4798
3503	13.49456
3504	11.63733
3505	13.67301
3506	13.60737
3507	13.25777
3508	13.04336
3509	9.73493
3510	11.62463
3511	8.15808
3512	14.08961
3513	14.81661
3514	8.31792
3515	10.29367
3516	13.52481
3517	12.60133
3518	13.14242
3519	11.30286
3520	10.00506
3521	15.45321
3522	16.69959
3523	12.71043
3524	12.51279
3525	12.02766
3526	15.27292
3527	12.03902
3528	21.72984
3529	17.67966
3530	12.74191
3531	15.66525
3532	16.2533
3533	7.85654
3534	13.64528
3535	10.68111
3536	13.03143
3537	9.75995
3538	11.65708
3539	14.00077
3540	16.39108
3541	18.00771
3542	10.85729
3543	13.98246
3544	10.4328
3545	12.34679
3546	10.39165
3547	13.66648
3548	15.82638
3549	11.80752
3550	9.91193
3551	13.04497
3552	16.35982
3553	12.52151
3554	15.22198
3555	9.85129
3556	12.68169
3557	14.39584
3558	9.9658
3559	11.03707
3560	11.56861
3561	13.55218
3562	10.81515
3563	16.93703
3564	16.93899
3565	10.99504
3566	13.33965
3567	14.10597
3568	14.3491
3569	14.65601
3570	8.86687
3571	9.86137
3572	14.96755
3573	8.95741
3574	17.82007
3575	12.18742
3576	13.67034
3577	19.82452
3578	12.23536
3579	15.6099
3580	11.9693
3581	11.865
3582	13.14513
3583	11.43609
3584	12.66171
3585	14.26142
3586	12.71162
3587	14.05257
3588	14.11266
3589	10.77771
3590	13.01174
3591	8.31145
3592	4.19712
3593	13.74813
3594	14.32086
3595	15.92271
3596	14.65646
3597	12.95179
3598	16.19142
3599	11.62531
3600	11.60584
3601	9.36289
3602	12.40581
3603	13.53389
3604	10.95644
3605	14.92517
3606	15.60663
3607	10.42599
3608	12.56477
3609	14.45329
3610	10.57447
3611	16.21501
3612	16.0219
3613	11.79435
3614	14.21803
3615	10.61929
3616	5.5967
3617	10.65646
3618	10.15036
3619	13.40153
3620	16.81196
3621	11.2046
3622	12.35277
3623	15.02305
3624	7.52588
3625	10.97376
3626	14.59431
3627	20.0873
3628	16.54525
3629	8.06736
3630	10.01484
3631	11.57224
3632	10.6965
3633	14.58485
3634	11.53385
3635	12.8816
3636	9.6352
3637	11.30346
3638	17.35066
3639	14.86839
3640	13.12255
3641	10.73697
3642	9.86404
3643	15.25575
3644	13.11659
3645	15.26073
3646	12.28851
3647	14.68883
3648	18.75044
3649	16.94928
3650	14.6023
3651	15.41976
3652	11.56409
3653	10.12898
3654	15.41343
3655	9.32175
3656	17.04216
3657	8.06192
3658	16.12873
3659	13.48039
3660	13.31149
3661	6.79755
3662	7.72123
3663	15.20074
3664	6.05244
3665	12.3801
3666	13.15149
3667	8.33992
3668	14.61411
3669	13.2401
3670	11.60272
3671	13.08111
3672	17.26755
3673	8.19236
3674	10.74503
3675	12.62687
3676	9.26101
3677	13.37457
3678	11.44325
3679	6.30127
3680	20.70424
3681	12.5258
3682	13.5471
3683	13.20997
3684	15.46144
3685	13.04838
3686	14.57533
3687	13.77318
3688	19.87687
3689	9.11706
3690	14.9151
3691	16.58241
3692	16.36226
3693	13.20248
3694	9.25521
3695	8.39411
3696	12.46949
3697	15.66348
3698	11.2433
3699	11.51712
3700	16.67429
3701	8.93181
3702	7.47548
3703	15.60669
3704	15.53603
3705	16.66657
3706	12.50581
3707	12.34128
3708	18.20238
3709	9.34063
3710	12.42011
3711	16.32903
3712	12.09956
3713	11.60069
3714	13.74493
3715	8.21295
3716	14.96926
3717	15.29333
3718	9.70013
3719	16.77677
3720	13.11907
3721	17.44277
3722	11.02839
3723	11.90801
3724	15.48351
3725	16.83021
3726	17.39731
3727	10.10665
3728	10.2528
3729	17.33415
3730	13.31009
3731	18.69721
3732	15.99687
3733	3.97303
3734	15.24946
3735	14.09099
3736	18.22862
3737	9.83489
3738	12.34372
3739	10.07997
3740	10.017
3741	14.60224
3742	4.09872
3743	14.75297
3744	14.92027
3745	14.77769
3746	8.52115
3747	19.71799
3748	13.62264
3749	14.59205
3750	11.61449
3751	12.17051
3752	11.68513
3753	11.86696
3754	9.96038
3755	14.93034
3756	15.73817
3757	11.46175
3758	14.33253
3759	7.61129
3760	13.64037
3761	12.84273
3762	11.74066
3763	10.47698
3764	13.14584
3765	10.40433
3766	10.88219
3767	13.97171
3768	18.29297
3769	13.13762
3770	11.4574
3771	10.3861
3772	14.29774
3773	13.80031
3774	12.4239
3775	8.56005
3776	16.95633
3777	12.58794
3778	14.34035
3779	14.04474
3780	11.82892
3781	12.91315
3782	12.13792
3783	14.45536
3784	12.61808
3785	12.29342
3786	13.90612
3787	11.12869
3788	18.363
3789	14.95185
3790	16.20027
3791	21.23875
3792	14.15532
3793	11.07963
3794	17.22616
3795	11.26744
3796	9.92581
3797	15.2386
3798	9.19102
3799	13.02651
3800	6.29157
3801	11.09315
3802	13.26385
3803	13.15905
3804	12.20277
3805	9.26118
3806	11.58605
3807	17.23029
3808	17.1541
3809	15.03468
3810	11.7248
3811	8.86833
3812	11.58008
3813	8.81093
3814	17.77443
3815	15.85751
3816	17.31271
3817	15.47612
3818	19.48892
3819	8.79762
3820	8.66713
3821	16.98432
3822	11.99323
3823	16.41375
3824	18.33071
3825	13.03234
3826	12.5674
3827	8.5307
3828	15.02443
3829	11.34587
3830	16.36356
3831	11.86416
3832	12.19995
3833	10.95393
3834	15.29447
3835	9.93208
3836	10.77911
3837	15.86156
3838	12.43471
3839	12.08981
3840	14.43446
3841	12.01888
3842	13.58155
3843	10.44683
3844	11.40054
3845	14.83393
3846	10.07523
3847	10.53115
3848	11.14973
3849	14.57992
3850	12.19265
3851	15.76892
3852	8.08465
3853	14.17527
3854	19.55974
3855	12.34058
3856	12.51569
3857	11.60305
3858	14.76214
3859	9.2559
3860	17.77741
3861	11.68314
3862	10.35047
3863	11.41763
3864	18.34157
3865	11.88848
3866	12.20283
3867	13.99351
3868	13.90037
3869	13.12275
3870	13.76978
3871	11.8375
3872	10.54216
3873	14.71941
3874	13.47866
3875	12.89384
3876	12.98438
3877	12.06909
3878	14.62854
3879	10.31933
3880	12.52592
3881	12.45682
3882	7.05981
3883	10.31452
3884	9.65703
3885	17.03213
3886	9.72636
3887	8.46933
3888	18.00234
3889	10.75545
3890	8.13509
3891	13.25711
3892	11.46459
3893	15.25463
3894	8.9808
3895	17.34093
3896	16.12679
3897	11.56542
3898	13.39682
3899	12.82264
3900	9.02803
3901	14.7437
3902	11.20371
3903	11.335
3904	14.43193
3905	14.53045
3906	12.32781
3907	12.39987
3908	20.78607
3909	15.78921
3910	12.01069
3911	10.90771
3912	14.53794
3913	16.51115
3914	14.47801
3915	14.46577
3916	11.80669
3917	10.58769
3918	16.10111
3919	9.21722
3920	10.54196
3921	16.38843
3922	10.77727
3923	13.75119
3924	12.2643
3925	12.88175
3926	14.02091
3927	8.71704
3928	20.91196
3929	13.67621
3930	15.28314
3931	7.30547
3932	16.00142
3933	13.81614
3934	10.32374
3935	13.78296
3936	15.31768
3937	14.86898
3938	6.55573
3939	12.96624
3940	10.08559
3941	10.97488
3942	10.14678
3943	20.51978
3944	17.60028
3945	6.83477
3946	17.13416
3947	11.26567
3948	13.38594
3949	9.23712
3950	13.46921
3951	9.98687
3952	12.50742
3953	12.83255
3954	12.88158
3955	10.53135
3956	12.60616
3957	15.61838
3958	11.30338
3959	12.68697
3960	19.51404
3961	14.24486
3962	12.76278
3963	8.59776
3964	18.41661
3965	12.85262
3966	12.26554
3967	11.60829
3968	14.21965
3969	12.27553
3970	11.36599
3971	16.22187
3972	15.4847
3973	19.19654
3974	9.34865
3975	11.64157
3976	12.57493
3977	18.44673
3978	15.34624
3979	12.63616
3980	8.32552
3981	12.02586
3982	18.89186
3983	9.46971
3984	16.16358
3985	15.6234
3986	14.97264
3987	12.32376
3988	10.29637
3989	14.69383
3990	9.73807
3991	11.29981
3992	13.4639
3993	10.15773
3994	18.47858
3995	14.83087
3996	12.71167
3997	13.25763
3998	21.57856
3999	8.71297
4000	15.06945
4001	7.45144
4002	11.36347
4003	11.51188
4004	17.18015
4005	4.63751
4006	12.39111
4007	11.70802
4008	10.44503
4009	12.49984
4010	9.91817
4011	8.52413
4012	7.70581
4013	10.86586
4014	11.96091
4015	16.25118
4016	10.25824
4017	11.5825
4018	12.04208
4019	11.42299
4020	6.17302
4021	13.70049
4022	16.83723
4023	15.14263
4024	10.31602
4025	11.03056
4026	10.68215
4027	7.23289
4028	15.26229
4029	4.63829
4030	12.59991
4031	12.64956
4032	12.96996
4033	18.18705
4034	17.58781
4035	8.94236
4036	15.25714
4037	14.58427
4038	19.28107
4039	13.86921
4040	13.03314
4041	12.1986
4042	17.57426
4043	11.64095
4044	14.97273
4045	10.93266
4046	10.18768
4047	8.95219
4048	10.29881
4049	11.98823
4050	11.38943
4051	10.40376
4052	10.86636
4053	16.31625
4054	10.61978
4055	9.92529
4056	10.27884
4057	14.24469
4058	13.44273
4059	15.8235
4060	18.12105
4061	10.39496
4062	12.64651
4063	24.96781
4064	11.9588
4065	13.55083
4066	11.7573
4067	11.68573
4068	14.84371
4069	15.1391
4070	10.30499
4071	12.57309
4072	13.38783
4073	12.51484
4074	10.22716
4075	15.11819
4076	11.4554
4077	10.94063
4078	12.52884
4079	8.26777
4080	12.542
4081	6.31127
4082	15.14494
4083	9.58347
4084	15.176
4085	15.18024
4086	12.73512
4087	13.52389
4088	8.42094
4089	6.68414
4090	12.82277
4091	14.38862
4092	14.71033
4093	11.40243
4094	14.7106
4095	13.88487
4096	12.40647
4097	13.03662
4098	19.11231
4099	14.2365
4100	12.92661
4101	10.30142
4102	15.76928
4103	11.80849
4104	11.92732
4105	8.61145
4106	7.76982
4107	14.13203
4108	14.24487
4109	14.30969
4110	13.90205
4111	12.43225
4112	14.09663
4113	9.81163
4114	17.63574
4115	10.01982
4116	14.48508
4117	13.34288
4118	13.18613
4119	13.56418
4120	14.28793
4121	13.37633
4122	11.06417
4123	10.54651
4124	16.44433
4125	14.83226
4126	10.37789
4127	11.37548
4128	16.15447
4129	12.71303
4130	10.8728
4131	10.12919
4132	14.1537
4133	16.74245
4134	14.88914
4135	13.92215
4136	9.05327
4137	12.67398
4138	11.1307
4139	9.64371
4140	16.89923
4141	9.8989
4142	13.4692
4143	10.97921
4144	14.2501
4145	22.16831
4146	9.26731
4147	13.65792
4148	11.15428
4149	10.93705
4150	17.72164
4151	14.27577
4152	12.64089
4153	14.35049
4154	8.31912
4155	9.49146
4156	10.35563
4157	13.13055
4158	15.09624
4159	12.74387
4160	13.06957
4161	19.09471
4162	11.13463
4163	12.48243
4164	14.99959
4165	12.71876
4166	10.86187
4167	9.49239
4168	8.89116
4169	12.77042
4170	12.33312
4171	12.40059
4172	11.85868
4173	11.85907
4174	14.13569
4175	6.93089
4176	16.81929
4177	14.31611
4178	14.47899
4179	16.47162
4180	13.68954
4181	10.10334
4182	15.06212
4183	16.31164
4184	18.28055
4185	12.75056
4186	12.84741
4187	11.36218
4188	18.03755
4189	8.96291
4190	10.8542
4191	19.46398
4192	14.25716
4193	13.03298
4194	14.71243
4195	11.07237
4196	15.75102
4197	13.77983
4198	7.22164
4199	10.88371
4200	5.92946
4201	15.0907
4202	16.07795
4203	5.90199
4204	17.6224
4205	12.23337
4206	16.40231
4207	11.54757
4208	11.53152
4209	11.16322
4210	10.684
4211	14.78232
4212	15.31359
4213	10.20437
4214	13.15155
4215	9.77445
4216	15.98615
4217	16.7035
4218	9.7386
4219	11.73326
4220	13.64135
4221	9.32191
4222	16.61105
4223	15.3813
4224	13.27264
4225	11.94797
4226	12.42536
4227	15.09692
4228	12.25064
4229	12.25531
4230	9.68021
4231	17.85396
4232	6.93821
4233	14.36787
4234	11.05051
4235	18.19671
4236	7.99297
4237	16.03729
4238	9.90964
4239	17.94843
4240	14.53349
4241	14.7428
4242	11.45506
4243	7.27188
4244	9.92964
4245	16.96915
4246	16.23236
4247	5.6812
4248	11.18227
4249	17.94057
4250	12.35767
4251	15.93978
4252	10.3887
4253	9.89742
4254	8.77701
4255	16.25895
4256	10.79451
4257	12.80622
4258	13.42551
4259	13.82
4260	18.89396
4261	7.20509
4262	11.04548
4263	12.96342
4264	14.43271
4265	14.16681
4266	17.86921
4267	13.53349
4268	13.89748
4269	13.8988
4270	11.8747
4271	9.06867
4272	10.41957
4273	10.53681
4274	13.8216
4275	10.38302
4276	12.8726
4277	15.77032
4278	15.83213
4279	14.70675
4280	13.29023
4281	11.38624
4282	14.34842
4283	16.32574
4284	15.94114
4285	17.08421
4286	8.26016
4287	14.02959
4288	11.72064
4289	10.43696
4290	10.51258
4291	12.43641
4292	12.89326
4293	9.91935
4294	14.08408
4295	8.96263
4296	14.7717
4297	10.60709
4298	9.24996
4299	14.56181
4300	13.2807
4301	16.24303
4302	10.46566
4303	12.84037
4304	14.63132
4305	10.03421
4306	17.20463
4307	17.61043
4308	11.70758
4309	15.52352
4310	13.43331
4311	9.25839
4312	13.64429
4313	14.89045
4314	6.63666
4315	10.48587
4316	11.99114
4317	12.23015
4318	7.64907
4319	8.98982
4320	12.50486
4321	7.4896
4322	11.53351
4323	13.02009
4324	13.94655
4325	14.44272
4326	11.90564
4327	9.37638
4328	15.64046
4329	14.91724
4330	13.83932
4331	12.76158
4332	11.38794
4333	9.86292
4334	18.18724
4335	12.9648
4336	6.59304
4337	17.69807
4338	12.1727
4339	17.75465
4340	10.8255
4341	11.52991
4342	14.90038
4343	11.23656
4344	16.47608
4345	18.44346
4346	14.36393
4347	12.22814
4348	13.59572
4349	16.07443
4350	17.63457
4351	13.90164
4352	8.73881
4353	13.33671
4354	13.79789
4355	8.42121
4356	15.02598
4357	11.07892
4358	14.33581
4359	16.69478
4360	11.37317
4361	14.36532
4362	12.68929
4363	17.61589
4364	11.80647
4365	15.43745
4366	10.09386
4367	12.01878
4368	11.8335
4369	12.50619
4370	9.67922
4371	16.57154
4372	11.97934
4373	7.76633
4374	10.10629
4375	14.34312
4376	18.72742
4377	15.81453
4378	12.97247
4379	8.41176
4380	14.83819
4381	13.28903
4382	12.89589
4383	11.65013
4384	8.72731
4385	14.02868
4386	15.29631
4387	11.08466
4388	11.52574
4389	12.38861
4390	5.59122
4391	18.88613
4392	13.8252
4393	15.51963
4394	15.91656
4395	9.6629
4396	17.59189
4397	15.11332
4398	11.73483
4399	15.34259
4400	10.92365
4401	15.16078
4402	13.80312
4403	14.72213
4404	13.28914
4405	12.99034
4406	11.69335
4407	14.12952
4408	19.11838
4409	14.79382
4410	15.10656
4411	15.19553
4412	13.41717
4413	10.9689
4414	12.41128
4415	13.61361
4416	11.80526
4417	16.64076
4418	10.97038
4419	12.63238
4420	13.7252
4421	17.38257
4422	9.60765
4423	10.41989
4424	17.94908
4425	17.23494
4426	15.72142
4427	11.10138
4428	9.35654
4429	9.34809
4430	10.36305
4431	19.59721
4432	13.17346
4433	10.96289
4434	13.89143
4435	10.79545
4436	18.35028
4437	5.68876
4438	12.69228
4439	13.15195
4440	17.42758
4441	16.02003
4442	13.40735
4443	11.58954
4444	13.2923
4445	10.45727
4446	11.07957
4447	19.20684
4448	15.80552
4449	12.73614
4450	12.28613
4451	12.84858
4452	15.41746
4453	15.21237
4454	17.91838
4455	12.95873
4456	12.33265
4457	12.21764
4458	14.13102
4459	12.99429
4460	12.59291
4461	15.38318
4462	11.26983
4463	14.28725
4464	11.69655
4465	11.37924
4466	19.0974
4467	16.857
4468	10.10066
4469	12.94898
4470	12.83444
4471	7.83475
4472	6.04223
4473	10.94191
4474	9.95013
4475	11.75412
4476	4.70748
4477	16.13753
4478	16.04425
4479	12.975
4480	13.97433
4481	15.5
4482	13.98498
4483	11.3659
4484	13.6384
4485	7.7551
4486	13.21578
4487	11.06657
4488	10.39855
4489	17.0818
4490	15.65139
4491	10.3646
4492	12.49462
4493	14.48718
4494	9.99312
4495	10.1646
4496	11.34998
4497	7.73449
4498	8.55635
4499	13.00103
4500	18.47545
4501	14.92105
4502	12.74301
4503	12.32105
4504	13.86979
4505	12.61639
4506	12.94023
4507	14.08295
4508	15.41652
4509	16.04867
4510	14.33213
4511	17.638
4512	13.56258
4513	12.41244
4514	18.98929
4515	17.05272
4516	9.69418
4517	11.3953
4518	10.67922
4519	8.60968
4520	15.95437
4521	10.61985
4522	13.47449
4523	8.2955
4524	10.21823
4525	14.58035
4526	12.12085
4527	14.3423
4528	9.91422
4529	13.9994
4530	11.01896
4531	17.32974
4532	17.70232
4533	16.58775
4534	11.48049
4535	14.68965
4536	15.06594
4537	13.55323
4538	20.29306
4539	14.52953
4540	11.99156
4541	11.29486
4542	13.83751
4543	11.56373
4544	9.24027
4545	13.50611
4546	3.3932
4547	10.18829
4548	11.25985
4549	13.21086
4550	16.33998
4551	11.90723
4552	14.72385
4553	12.66366
4554	16.33038
4555	8.8735
4556	12.62411
4557	11.60836
4558	7.38163
4559	13.81552
4560	9.15127
4561	10.63427
4562	13.31572
4563	10.18589
4564	16.44295
4565	9.87991
4566	12.11158
4567	16.0245
4568	11.92876
4569	12.82559
4570	14.62364
4571	11.39231
4572	16.76477
4573	12.38835
4574	6.52312
4575	14.69021
4576	8.899
4577	11.06715
4578	11.32775
4579	13.68553
4580	6.5403
4581	11.99722
4582	10.69153
4583	7.95296
4584	12.84294
4585	12.10238
4586	18.16523
4587	10.17146
4588	14.80719
4589	12.01542
4590	12.2373
4591	15.52654
4592	12.49329
4593	12.25907
4594	11.88477
4595	10.61692
4596	13.59778
4597	10.49394
4598	13.39023
4599	12.41757
4600	13.50961
4601	11.96362
4602	12.56228
4603	14.1748
4604	17.13909
4605	14.59303
4606	13.31169
4607	5.57371
4608	12.82124
4609	11.22803
4610	12.80152
4611	15.09824
4612	9.96854
4613	12.91235
4614	11.78823
4615	11.24619
4616	4.3905
4617	12.79058
4618	14.84261
4619	13.42313
4620	12.60417
4621	15.61846
4622	13.92765
4623	14.469
4624	7.86594
4625	10.27291
4626	13.68029
4627	12.90166
4628	9.32423
4629	12.3742
4630	13.6102
4631	12.68939
4632	13.68506
4633	11.9326
4634	12.64742
4635	9.45346
4636	10.16649
4637	12.15853
4638	8.9262
4639	14.21893
4640	11.10574
4641	12.0618
4642	11.35071
4643	11.89969
4644	15.36724
4645	10.07352
4646	14.08802
4647	13.44662
4648	12.77808
4649	11.3679
4650	9.50343
4651	9.83571
4652	16.94291
4653	14.75286
4654	12.9106
4655	17.65628
4656	8.82542
4657	10.88695
4658	12.22129
4659	12.68742
4660	13.08629
4661	17.22858
4662	14.30795
4663	10.69326
4664	13.44619
4665	15.11785
4666	9.33184
4667	6.15714
4668	13.14718
4669	13.49417
4670	19.75304
4671	16.61554
4672	7.86894
4673	13.97763
4674	15.82934
4675	11.83555
4676	14.14817
4677	14.0246
4678	12.51626
4679	12.99211
4680	12.69396
4681	11.60507
4682	15.79153
4683	11.29513
4684	12.55669
4685	16.59023
4686	15.67379
4687	13.80037
4688	18.12183
4689	12.05279
4690	14.19103
4691	14.49186
4692	16.92152
4693	11.6761
4694	13.06949
4695	15.60342
4696	12.38729
4697	19.62631
4698	17.87299
4699	10.30374
4700	11.39392
4701	11.85824
4702	12.09282
4703	11.73389
4704	14.0481
4705	11.57889
4706	16.57809
4707	14.74493
4708	18.19288
4709	9.33804
4710	14.93452
4711	9.69343
4712	11.70457
4713	14.35442
4714	14.11119
4715	10.29668
4716	12.3667
4717	14.90153
4718	13.79692
4719	13.52395
4720	12.84652
4721	15.64578
4722	21.08462
4723	9.28039
4724	14.83979
4725	13.88703
4726	14.31399
4727	15.45785
4728	8.35486
4729	10.54481
4730	12.18462
4731	12.12943
4732	15.06123
4733	10.4661
4734	9.99708
4735	7.65665
4736	11.2155
4737	14.36254
4738	10.91062
4739	12.2674
4740	16.02731
4741	15.0391
4742	14.29368
4743	13.65331
4744	16.46625
4745	13.07599
4746	13.01576
4747	13.32738
4748	16.15317
4749	11.09154
4750	13.48593
4751	16.561
4752	11.21088
4753	12.0867
4754	12.76166
4755	10.27167
4756	9.95914
4757	7.4085
4758	13.18115
4759	10.58897
4760	12.72609
4761	15.4464
4762	13.09043
4763	15.62068
4764	8.4572
4765	14.01167
4766	16.67171
4767	14.54053
4768	10.41377
4769	10.2479
4770	15.66288
4771	10.07069
4772	8.33136
4773	12.76862
4774	12.60109
4775	12.62073
4776	17.89225
4777	12.70897
4778	13.75845
4779	15.77478
4780	14.34559
4781	8.85211
4782	15.71502
4783	11.44177
4784	14.75212
4785	9.95522
4786	16.12525
4787	16.42669
4788	17.86624
4789	14.83035
4790	14.34286
4791	19.00599
4792	9.79898
4793	10.46974
4794	11.28457
4795	15.43651
4796	9.34566
4797	13.12877
4798	14.96684
4799	13.63306
4800	12.96648
4801	13.8475
4802	12.11328
4803	11.16443
4804	14.42888
4805	10.81664
4806	14.34608
4807	11.26685
4808	11.80444
4809	8.88054
4810	13.49153
4811	12.09
4812	11.11558
4813	12.11629
4814	8.70104
4815	12.95617
4816	16.30138
4817	14.75124
4818	12.69048
4819	11.02106
4820	11.70108
4821	12.18568
4822	11.1656
4823	11.31284
4824	14.13701
4825	15.80474
4826	17.1025
4827	12.27262
4828	8.86508
4829	16.51066
4830	14.44213
4831	10.20582
4832	13.47801
4833	13.07215
4834	16.93447
4835	18.48758
4836	13.15962
4837	12.1852
4838	11.05487
4839	16.21747
4840	15.13849
4841	10.83366
4842	10.80131
4843	10.3087
4844	11.30003
4845	13.61222
4846	9.16464
4847	12.76358
4848	14.47897
4849	15.30614
4850	9.18192
4851	11.71397
4852	15.55169
4853	12.33649
4854	16.78011
4855	13.52623
4856	15.17287
4857	10.66617
4858	9.38674
4859	14.87606
4860	7.40961
4861	11.43092
4862	18.96326
4863	14.17928
4864	18.1602
4865	8.17841
4866	11.17034
4867	13.7715
4868	8.37297
4869	16.37456
4870	14.65391
4871	13.35057
4872	8.73141
4873	17.23148
4874	11.00637
4875	10.08721
4876	9.16496
4877	10.60069
4878	15.9309
4879	16.91889
4880	13.79774
4881	15.19259
4882	11.09347
4883	14.75149
4884	11.66586
4885	9.72932
4886	6.86398
4887	16.48534
4888	9.46081
4889	11.9193
4890	14.04175
4891	12.44705
4892	15.42786
4893	14.26501
4894	18.78405
4895	16.8065
4896	12.15475
4897	8.28225
4898	7.03558
4899	9.77323
4900	8.89914
4901	17.95708
4902	15.51044
4903	16.55254
4904	10.87881
4905	15.67332
4906	10.48533
4907	2.00072
4908	11.09345
4909	10.42808
4910	11.69182
4911	15.15135
4912	15.86151
4913	8.39406
4914	13.55808
4915	9.72813
4916	17.88071
4917	15.32712
4918	15.70254
4919	11.76474
4920	12.3896
4921	14.54045
4922	14.94045
4923	12.79761
4924	15.26318
4925	14.53442
4926	11.8423
4927	13.83045
4928	12.86087
4929	11.45927
4930	9.84628
4931	14.20188
4932	5.6126
4933	8.49246
4934	10.31225
4935	15.59206
4936	17.76998
4937	8.33228
4938	13.0014
4939	14.27481
4940	17.60663
4941	14.57886
4942	10.6978
4943	13.10724
4944	14.50302
4945	12.66383
4946	12.55253
4947	13.056
4948	11.33566
4949	15.07013
4950	15.80719
4951	21.94326
4952	12.9733
4953	11.70685
4954	10.73253
4955	12.14496
4956	9.44591
4957	13.9891
4958	15.88067
4959	8.43183
4960	7.70193
4961	13.45805
4962	15.10145
4963	13.69604
4964	16.89635
4965	15.80851
4966	11.22768
4967	9.87949
4968	13.20622
4969	12.07064
4970	18.11283
4971	14.15001
4972	13.67501
4973	8.05804
4974	8.7197
4975	10.77499
4976	12.9833
4977	13.73698
4978	16.19509
4979	7.06109
4980	16.49353
4981	16.36335
4982	9.42143
4983	14.10138
4984	16.55972
4985	7.99157
4986	7.54098
4987	10.90912
4988	9.93823
4989	11.23939
4990	14.02995
4991	13.66406
4992	15.37263
4993	8.00874
4994	19.19805
4995	11.90045
4996	14.01012
4997	12.78811
4998	13.65814
4999	13.2046
5000	9.10879
